4294967294,36
4294967294,39
4294967294,1092
4294967293,131
4294967293,130
4294967293,129
4294967293,128
4294967293,127
4294967293,126
4294967293,125
4294967293,124
4294967293,123
4294967293,122
4294967293,121
4294967293,120
4294967293,119
4294967293,118
4294967293,117
4294967293,116
4294967293,115
4294967293,114
4294967293,113
4294967293,112
4294967293,111
4294967293,110
4294967293,109
4294967293,108
4294967293,107
4294967293,106
4294967293,105
4294967293,104
4294967293,103
4294967293,102
4294967293,101
4294967293,100
4294967293,99
4294967293,98
4294967293,97
4294967293,96
4294967293,95
4294967293,94
4294967293,93
4294967293,92
4294967293,91
4294967293,90
4294967293,89
4294967293,87
4294967293,86
4294967293,85
4294967293,84
4294967293,83
4294967293,82
4294967293,81
4294967293,80
4294967293,79
4294967293,78
4294967293,77
4294967293,76
4294967293,75
4294967293,74
4294967293,73
4294967293,72
4294967293,71
4294967293,70
4294967293,69
4294967293,68
4294967293,67
4294967293,66
4294967293,65
4294967293,64
4294967293,63
4294967293,62
4294967293,61
4294967293,60
4294967293,59
4294967293,58
4294967293,57
4294967293,56
4294967293,55
4294967293,54
4294967293,53
4294967293,52
4294967293,51
4294967293,50
4294967293,49
4294967293,48
4294967293,47
4294967293,46
4294967293,45
4294967293,44
4294967293,43
4294967293,42
4294967293,41
4294967293,40
4294967293,39
4294967293,38
4294967293,37
4294967293,36
4294967293,35
4294967293,34
4294967293,33
4294967293,32
4294967293,31
4294967293,30
4294967293,29
4294967293,28
4294967293,27
4294967293,26
4294967293,25
4294967293,24
4294967293,23
4294967293,22
4294967293,21
4294967293,20
4294967293,19
4294967293,18
4294967293,17
4294967293,16
4294967293,15
4294967293,14
4294967293,13
4294967293,12
4294967293,11
4294967293,10
4294967293,9
4294967293,8
4294967293,7
4294967293,6
4294967293,5
4294967293,4
4294967293,3
4294967278,440
4294967278,274
4294967278,288
4294967278,463
4294967278,376
4294967278,69
4294967278,434
4294967278,68
4294967278,67
4294967278,66
4294967278,64
4294967278,63
4294967278,443
4294967278,60
4294967278,442
4294967278,59
4294967278,320
4294967278,58
4294967278,57
4294967278,55
4294967278,54
4294967278,481
4294967278,52
4294967278,51
4294967278,308
4294967278,46
4294967278,45
4294967278,287
4294967278,302
4294967278,40
4294967278,259
4294967278,35
4294967278,284
4294967278,380
4294967278,24
4294967278,281
4294967278,283
4294967278,16
4294967278,469
4294967278,14
4294967278,256
4294967278,447
4294967278,260
4294967278,279
4294967278,2
4294967278,0
4294967278,456
4294967279,127
4294967279,252
4294967279,123
4294967279,121
4294967279,520
4294967279,120
4294967279,243
4294967279,117
4294967279,533
4294967279,516
4294967279,106
4294967279,105
4294967279,233
4294967279,104
4294967279,103
4294967279,101
4294967279,100
4294967279,509
4294967279,98
4294967279,431
4294967279,97
4294967279,95
4294967279,532
4294967279,94
4294967279,93
4294967279,92
4294967279,77
4294967279,513
4294967279,69
4294967279,552
4294967279,68
4294967279,391
4294967279,67
4294967279,390
4294967279,66
4294967279,65
4294967279,64
4294967279,63
4294967279,289
4294967279,60
4294967279,59
4294967279,58
4294967279,56
4294967279,55
4294967279,54
4294967279,292
4294967279,53
4294967279,517
4294967279,52
4294967279,51
4294967279,50
4294967279,49
4294967279,48
4294967279,317
4294967279,47
4294967279,404
4294967279,46
4294967279,45
4294967279,44
4294967279,43
4294967279,42
4294967279,529
4294967279,41
4294967279,527
4294967279,40
4294967279,39
4294967279,38
4294967279,173
4294967279,37
4294967279,36
4294967279,35
4294967279,34
4294967279,33
4294967279,32
4294967279,31
4294967279,166
4294967279,30
4294967279,29
4294967279,28
4294967279,538
4294967279,525
4294967279,251
4294967279,524
4294967279,522
4294967279,241
4294967279,88
4294967279,2
0,5
4294967294,7
4294967294,6
4294967294,5
4294967294,22
4294967294,17
4294967294,42
4294967294,76
4294967294,41
4294967294,67
4294967294,1356
4294967294,792
4294967294,2
4294967294,1023
4294967294,8
4294967279,231
4294967279,531
4294967278,429
4294967279,487
4294967278,225
4294967294,1167
4294967294,1164
4294967294,1756
4294967294,2238
4294967294,1168
4294967294,1748
4294967294,1759
4294967294,2024
4294967294,827
4294967294,89
4294967294,904
4294967294,2025
4294967294,519
4294967294,91
4294967294,90
4294967294,88
4294967294,87
4294967294,86
4294967294,82
4294967294,83
4294967294,2181
4294967294,53
4294967294,51
4294967294,52
4294967294,1110
4294967294,115
4294967294,45
4294967294,43
4294967294,44
4294967294,99
1,0
4294967294,24
4294967294,1
4294967294,107
4294967294,1755
4294967294,0
4294967294,926
4294967294,908
4294967294,905
4294967294,899
4294967294,900
4294967294,746
4294967294,745
4294967294,743
4294967294,742
4294967294,741
4294967294,740
4294967294,739
4294967294,738
4294967294,737
4294967294,736
4294967294,735
4294967294,734
4294967294,730
4294967294,729
4294967294,728
4294967294,727
4294967294,725
4294967294,719
4294967294,718
4294967294,715
4294967294,714
4294967294,713
4294967294,712
4294967294,710
4294967294,709
4294967294,708
4294967294,707
4294967294,706
4294967294,705
4294967294,703
4294967294,702
4294967294,701
4294967294,700
4294967294,153
4294967294,693
4294967294,690
4294967294,689
4294967294,688
4294967294,687
4294967294,685
4294967294,684
4294967294,680
4294967294,679
4294967294,678
4294967294,677
4294967294,675
4294967294,672
4294967294,669
4294967294,666
4294967294,665
4294967294,663
4294967294,662
4294967294,660
4294967294,658
4294967294,655
4294967294,653
4294967294,652
4294967294,651
4294967294,649
4294967294,648
4294967294,647
4294967294,646
4294967294,645
4294967294,644
4294967294,643
4294967294,642
4294967294,641
4294967294,640
4294967294,638
4294967294,636
4294967294,633
4294967294,632
4294967294,631
4294967294,630
4294967294,629
4294967294,628
4294967294,627
4294967294,626
4294967294,625
4294967294,623
4294967294,616
4294967294,614
4294967294,613
4294967294,610
4294967294,608
4294967294,607
4294967294,606
4294967294,605
4294967294,603
4294967294,602
4294967294,601
4294967294,600
4294967294,599
4294967294,598
4294967294,597
4294967294,595
4294967294,594
4294967294,592
4294967294,591
4294967294,147
4294967294,588
4294967294,586
4294967294,585
4294967294,584
4294967294,583
4294967294,582
4294967294,581
4294967294,318
4294967294,317
4294967294,313
4294967294,312
4294967294,308
4294967294,306
4294967294,304
4294967294,298
4294967294,297
4294967294,296
4294967294,295
4294967294,290
4294967294,284
4294967294,283
4294967294,282
4294967294,272
4294967294,271
4294967294,270
4294967294,269
4294967294,268
4294967294,267
4294967294,266
4294967294,265
4294967294,264
4294967294,263
4294967294,262
4294967294,258
4294967294,138
4294967294,257
4294967294,256
4294967294,255
4294967294,254
4294967294,253
4294967294,249
4294967294,245
4294967294,244
4294967294,242
4294967294,241
4294967294,240
4294967294,239
4294967294,238
4294967294,237
4294967294,236
4294967294,235
4294967294,234
4294967294,231
4294967294,230
4294967294,226
4294967294,225
4294967294,224
4294967294,223
4294967294,131
4294967294,218
4294967294,213
4294967294,212
4294967294,201
4294967294,198
4294967294,196
4294967294,193
4294967294,562
4294967294,560
4294967294,128
4294967294,2019
4294967294,1393
4294967294,171
4294967294,1354
4294967278,441
4294967278,439
4294967278,431
4294967294,1157
4294967294,1733
4294967294,2332
4294967294,1403
4294967294,2331
4294967294,1781
4294967294,1389
4294967294,2237
4294967294,1400
4294967294,2176
4294967294,1399
4294967294,2330
4294967294,1390
4294967294,1753
4294967294,2329
4294967294,2328
4294967294,2327
4294967294,1105
4294967294,1346
4294967294,2239
4294967294,1096
4294967294,1103
4294967294,790
4294967278,408
4294967279,435
4294967278,422
4294967278,424
4294967278,307
4294967279,157
4294967279,310
4294967279,229
4294967279,227
4294967278,421
4294967278,420
4294967279,225
4294967279,217
4294967278,419
4294967279,447
4294967279,275
4294967279,438
4294967279,446
4294967278,417
4294967279,445
4294967278,416
4294967279,444
4294967279,443
4294967279,221
4294967279,440
4294967278,412
4294967279,439
4294967278,411
4294967278,410
4294967278,409
4294967279,437
4294967279,468
4294967294,1111
4294967294,2326
4294967294,399
4294967294,1156
4294967294,1107
4294967294,2324
4294967294,2323
4294967294,2322
4294967294,1102
4294967294,1154
4294967294,2221
4294967294,2321
4294967294,1116
4294967294,1097
4294967294,1155
4294967294,2318
4294967294,2316
4294967294,1152
4294967294,406
4294967294,1751
4294967294,2314
4294967294,1870
4294967294,403
4294967294,2312
4294967294,1778
4294967294,1790
4294967294,405
4294967294,2310
4294967294,529
4294967294,2308
4294967294,421
4294967294,420
4294967294,777
4294967294,1876
4294967294,1101
4294967294,2306
4294967294,1868
4294967294,1112
4294967294,412
4294967294,778
4294967294,446
4294967294,1119
4294967294,1148
4294967294,1877
4294967294,84
4294967294,410
4294967294,1611
4294967294,1610
4294967294,1609
4294967294,1608
4294967294,1607
4294967294,1605
4294967294,1606
4294967294,1604
4294967294,1603
4294967294,1602
4294967294,1601
4294967294,1600
4294967294,1471
4294967294,1470
4294967294,1469
4294967294,1468
4294967294,1467
4294967294,1163
4294967294,1161
4294967294,2192
4294967278,403
4294967279,432
4294967278,400
4294967279,423
4294967279,536
4294967278,365
4294967278,239
4294967279,239
4294967279,223
4294967278,398
4294967278,357
4294967278,356
4294967279,428
4294967278,396
4294967278,392
4294967278,391
4294967278,415
4294967278,371
4294967278,399
4294967278,397
4294967278,393
4294967294,775
4294967294,1100
4294967294,2222
4294967294,2212
4294967294,771
4294967294,772
4294967294,390
4294967294,776
4294967294,1791
4294967294,2195
4294967294,2186
4294967294,2210
4294967294,2205
4294967294,2201
4294967294,2202
4294967294,2214
4294967294,770
4294967294,768
4294967294,1355
4294967294,2193
4294967294,774
4294967294,1768
4294967294,779
4294967294,1762
4294967294,2177
4294967294,954
4294967294,1466
4294967294,1465
4294967294,1464
4294967294,1463
4294967294,1462
4294967294,1460
4294967294,1461
4294967294,1459
4294967294,1458
4294967294,1457
4294967294,1456
4294967294,1455
4294967294,1454
4294967294,1453
4294967294,1452
4294967294,1451
4294967294,1450
4294967294,1004
4294967294,972
4294967294,2190
4294967294,2188
4294967294,971
4294967294,1011
4294967294,989
4294967294,988
4294967294,1862
4294967294,2194
4294967294,970
4294967294,1001
4294967294,969
4294967294,968
4294967294,1000
4294967294,2183
4294967294,2018
4294967294,973
4294967294,1009
4294967294,1449
4294967294,1448
4294967294,1447
4294967294,1446
4294967294,1445
4294967294,1443
4294967294,1444
4294967294,1442
4294967294,1441
4294967294,1440
4294967294,1439
4294967294,1438
4294967294,1437
4294967294,1436
4294967294,1435
4294967294,1434
4294967294,1433
4294967294,1432
4294967294,1431
4294967294,1430
4294967294,1429
4294967294,1428
4294967294,1426
4294967294,1427
4294967294,1425
4294967294,1424
4294967294,1423
4294967294,1422
4294967294,1421
4294967294,1420
4294967294,1419
4294967294,1418
4294967294,1417
4294967294,1416
4294967294,124
4294967294,948
4294967294,123
4294967294,2228
4294967294,946
4294967294,69
4294967294,1415
4294967294,1414
4294967294,1413
4294967294,1412
4294967294,1411
4294967294,1409
4294967294,1410
4294967294,1408
4294967294,1343
4294967294,1342
4294967294,1341
4294967294,1340
4294967294,1339
4294967294,1338
4294967294,1337
4294967294,1336
4294967294,1335
4294967294,1334
4294967294,1333
4294967294,1332
4294967294,1331
4294967294,1330
4294967294,1328
4294967294,1329
4294967294,1327
4294967294,1326
4294967294,1325
4294967294,1324
4294967294,1323
4294967294,1322
4294967294,1321
4294967294,1320
4294967294,1319
4294967294,1318
4294967294,1317
4294967294,1316
4294967294,1315
4294967294,1314
4294967294,1313
4294967294,1311
4294967294,1312
4294967294,1310
4294967294,1309
4294967294,1308
4294967294,1307
4294967294,1306
4294967294,1305
4294967294,1304
4294967294,1303
4294967294,1302
4294967294,1301
4294967294,1300
4294967294,1299
4294967294,1298
